7.63192
7.63192
7.63192
7.63192
7.63192
7.63192
7.63192
7.63192
7.63192
7.63192
7.63192
7.63192
7.63192
7.63192
7.63192
7.41421
7.20092
6.98966
6.77869
6.56698
6.35419
6.14063
5.92718
5.71508
5.50582
5.30096
5.10200
4.91036
4.72727
4.55391
4.39141
4.24105
4.10431
3.98301
3.87929
3.79555
3.73433
3.69803
3.68866
3.70760
3.75538
3.83166
3.93528
4.06447
4.21708
4.39081
4.58347
4.79305
5.01789
5.25661
5.50812
5.77152
6.04601
6.33071
6.62454
6.92610
7.23358
7.54468
7.85660
8.16614
8.46971
8.76358
9.04396
9.30726
9.55027
9.77032
9.96545
10.13454
10.27735
10.39453
10.48758
10.55873
10.61082
10.64709
10.67097
10.68594
10.69527
10.70199
10.70876
10.71787
10.73132
10.75087
10.77822
10.81513
10.86351
10.92555
11.00379
11.10108
11.22060
11.36577
11.54018
11.54018
11.54018
11.54018
11.54018
11.54018
11.54018
11.54018
11.54018
11.54018
