0.00000
0.00000
0.00000
0.00000
0.00000
0.00000
0.00000
0.00000
0.00000
0.00000
0.00000
0.00000
0.00000
0.00000
0.33864
1.00685
1.72174
2.48375
3.29337
4.15117
5.05781
6.01398
7.02039
8.07775
9.18668
10.34764
11.56090
12.82645
14.14391
15.51249
16.93095
18.39750
19.90985
21.46516
23.06011
24.69088
26.35327
28.04280
29.75474
31.48430
33.22673
34.97743
36.73209
38.48680
40.23812
41.98316
43.71965
45.44594
47.16098
48.86432
50.55602
52.23659
53.90687
55.56794
57.22098
58.86718
60.50758
62.14299
63.77390
65.40036
67.02199
68.63786
70.24655
71.84611
73.43407
75.00754
76.56321
78.09746
79.60642
81.08606
82.53226
83.94092
85.30806
86.62982
87.90261
89.12312
90.28836
91.39573
92.44298
93.42828
94.35016
95.20753
95.99962
96.72600
97.38649
97.98113
98.51019
98.97405
99.37323
99.70830
99.97992
100.00000
100.00000
100.00000
100.00000
100.00000
100.00000
100.00000
100.00000
100.00000
